SPACE1-1:MAIN SOUTH OVERHANG
     -0.65,     -1.13,      2.20,      0.00,      0.00,      2.20
      0.00,      0.00,      2.20,     17.15,     -9.90,      2.20
     17.15,     -9.90,      2.20,     16.50,    -11.03,      2.20
     16.50,    -11.03,      2.20,     -0.65,     -1.13,      2.20
SPACE1-1:Mir-MAIN SOUTH OVERHANG
     16.50,    -11.03,      2.20,     17.15,     -9.90,      2.20
     17.15,     -9.90,      2.20,      0.00,      0.00,      2.20
      0.00,      0.00,      2.20,     -0.65,     -1.13,      2.20
     -0.65,     -1.13,      2.20,     16.50,    -11.03,      2.20
SPACE1-1:SOUTH DOOR OVERHANG
     17.19,    -12.23,      2.60,     18.19,    -10.50,      2.60
     18.19,    -10.50,      2.60,     20.87,    -12.05,      2.60
     20.87,    -12.05,      2.60,     19.87,    -13.78,      2.60
     19.87,    -13.78,      2.60,     17.19,    -12.23,      2.60
SPACE1-1:Mir-SOUTH DOOR OVERHANG
     19.87,    -13.78,      2.60,     20.87,    -12.05,      2.60
     20.87,    -12.05,      2.60,     18.19,    -10.50,      2.60
     18.19,    -10.50,      2.60,     17.19,    -12.23,      2.60
     17.19,    -12.23,      2.60,     19.87,    -13.78,      2.60
PLENUM-1:WALL-1PF
      0.00,      0.00,      3.00,      0.00,      0.00,      2.40
      0.00,      0.00,      2.40,     26.41,    -15.25,      2.40
     26.41,    -15.25,      2.40,     26.41,    -15.25,      3.00
     26.41,    -15.25,      3.00,      0.00,      0.00,      3.00
PLENUM-1:WALL-1PR
     26.41,    -15.25,      3.00,     26.41,    -15.25,      2.40
     26.41,    -15.25,      2.40,     34.01,     -2.09,      2.40
     34.01,     -2.09,      2.40,     34.01,     -2.09,      3.00
     34.01,     -2.09,      3.00,     26.41,    -15.25,      3.00
PLENUM-1:WALL-1PB
     34.01,     -2.09,      3.00,     34.01,     -2.09,      2.40
     34.01,     -2.09,      2.40,      7.60,     13.16,      2.40
      7.60,     13.16,      2.40,      7.60,     13.16,      3.00
      7.60,     13.16,      3.00,     34.01,     -2.09,      3.00
PLENUM-1:WALL-1PL
      7.60,     13.16,      3.00,      7.60,     13.16,      2.40
      7.60,     13.16,      2.40,      0.00,      0.00,      2.40
      0.00,      0.00,      2.40,      0.00,      0.00,      3.00
      0.00,      0.00,      3.00,      7.60,     13.16,      3.00
PLENUM-1:C1-1P
     25.06,    -10.20,      2.40,     26.41,    -15.25,      2.40
     26.41,    -15.25,      2.40,      0.00,      0.00,      2.40
      0.00,      0.00,      2.40,      5.05,      1.35,      2.40
      5.05,      1.35,      2.40,     25.06,    -10.20,      2.40
PLENUM-1:C2-1P
     29.01,     -3.35,      2.40,     34.01,     -2.09,      2.40
     34.01,     -2.09,      2.40,     26.41,    -15.25,      2.40
     26.41,    -15.25,      2.40,     25.06,    -10.20,      2.40
     25.06,    -10.20,      2.40,     29.01,     -3.35,      2.40
PLENUM-1:C3-1P
     29.01,     -3.35,      2.40,      9.00,      8.20,      2.40
      9.00,      8.20,      2.40,      7.60,     13.16,      2.40
      7.60,     13.16,      2.40,     34.01,     -2.09,      2.40
     34.01,     -2.09,      2.40,     29.01,     -3.35,      2.40
PLENUM-1:C4-1P
      5.05,      1.35,      2.40,      0.00,      0.00,      2.40
      0.00,      0.00,      2.40,      7.60,     13.16,      2.40
      7.60,     13.16,      2.40,      9.00,      8.20,      2.40
      9.00,      8.20,      2.40,      5.05,      1.35,      2.40
PLENUM-1:C5-1P
     29.01,     -3.35,      2.40,     25.06,    -10.20,      2.40
     25.06,    -10.20,      2.40,      5.05,      1.35,      2.40
      5.05,      1.35,      2.40,      9.00,      8.20,      2.40
      9.00,      8.20,      2.40,     29.01,     -3.35,      2.40
PLENUM-1:TOP-1
      7.60,     13.16,      3.00,      0.00,      0.00,      3.00
      0.00,      0.00,      3.00,     26.41,    -15.25,      3.00
     26.41,    -15.25,      3.00,     34.01,     -2.09,      3.00
     34.01,     -2.09,      3.00,      7.60,     13.16,      3.00
SPACE1-1:FRONT-1
      0.00,      0.00,      2.40,      0.00,      0.00,      0.00
      0.00,      0.00,      0.00,     26.41,    -15.25,      0.00
     26.41,    -15.25,      0.00,     26.41,    -15.25,      2.40
     26.41,    -15.25,      2.40,      0.00,      0.00,      2.40
SPACE1-1:WF-1
      2.60,     -1.50,      2.10,      2.60,     -1.50,      0.90
      2.60,     -1.50,      0.90,     14.55,     -8.40,      0.90
     14.55,     -8.40,      0.90,     14.55,     -8.40,      2.10
     14.55,     -8.40,      2.10,      2.60,     -1.50,      2.10
SPACE1-1:DF-1
     18.45,    -10.65,      2.10,     18.45,    -10.65,      0.00
     18.45,    -10.65,      0.00,     20.61,    -11.90,      0.00
     20.61,    -11.90,      0.00,     20.61,    -11.90,      2.10
     20.61,    -11.90,      2.10,     18.45,    -10.65,      2.10
SPACE1-1:SB12
     26.41,    -15.25,      2.40,     26.41,    -15.25,      0.00
     26.41,    -15.25,      0.00,     25.06,    -10.20,      0.00
     25.06,    -10.20,      0.00,     25.06,    -10.20,      2.40
     25.06,    -10.20,      2.40,     26.41,    -15.25,      2.40
SPACE1-1:SB14
      5.05,      1.35,      2.40,      5.05,      1.35,      0.00
      5.05,      1.35,      0.00,      0.00,      0.00,      0.00
      0.00,      0.00,      0.00,      0.00,      0.00,      2.40
      0.00,      0.00,      2.40,      5.05,      1.35,      2.40
SPACE1-1:SB15
     25.06,    -10.20,      2.40,     25.06,    -10.20,      0.00
     25.06,    -10.20,      0.00,      5.05,      1.35,      0.00
      5.05,      1.35,      0.00,      5.05,      1.35,      2.40
      5.05,      1.35,      2.40,     25.06,    -10.20,      2.40
SPACE1-1:F1-1
     25.06,    -10.20,      0.00,     26.41,    -15.25,      0.00
     26.41,    -15.25,      0.00,      0.00,      0.00,      0.00
      0.00,      0.00,      0.00,      5.05,      1.35,      0.00
      5.05,      1.35,      0.00,     25.06,    -10.20,      0.00
SPACE1-1:C1-1
      5.05,      1.35,      2.40,      0.00,      0.00,      2.40
      0.00,      0.00,      2.40,     26.41,    -15.25,      2.40
     26.41,    -15.25,      2.40,     25.06,    -10.20,      2.40
     25.06,    -10.20,      2.40,      5.05,      1.35,      2.40
SPACE2-1:RIGHT-1
     26.41,    -15.25,      2.40,     26.41,    -15.25,      0.00
     26.41,    -15.25,      0.00,     34.01,     -2.09,      0.00
     34.01,     -2.09,      0.00,     34.01,     -2.09,      2.40
     34.01,     -2.09,      2.40,     26.41,    -15.25,      2.40
SPACE2-1:WR-1
     28.31,    -11.96,      2.10,     28.31,    -11.96,      0.90
     28.31,    -11.96,      0.90,     32.11,     -5.38,      0.90
     32.11,     -5.38,      0.90,     32.11,     -5.38,      2.10
     32.11,     -5.38,      2.10,     28.31,    -11.96,      2.10
SPACE2-1:SB21
     25.06,    -10.20,      2.40,     25.06,    -10.20,      0.00
     25.06,    -10.20,      0.00,     26.41,    -15.25,      0.00
     26.41,    -15.25,      0.00,     26.41,    -15.25,      2.40
     26.41,    -15.25,      2.40,     25.06,    -10.20,      2.40
SPACE2-1:SB23
     34.01,     -2.09,      2.40,     34.01,     -2.09,      0.00
     34.01,     -2.09,      0.00,     29.01,     -3.35,      0.00
     29.01,     -3.35,      0.00,     29.01,     -3.35,      2.40
     29.01,     -3.35,      2.40,     34.01,     -2.09,      2.40
SPACE2-1:SB25
     29.01,     -3.35,      2.40,     29.01,     -3.35,      0.00
     29.01,     -3.35,      0.00,     25.06,    -10.20,      0.00
     25.06,    -10.20,      0.00,     25.06,    -10.20,      2.40
     25.06,    -10.20,      2.40,     29.01,     -3.35,      2.40
SPACE2-1:F2-1
     29.01,     -3.35,      0.00,     34.01,     -2.09,      0.00
     34.01,     -2.09,      0.00,     26.41,    -15.25,      0.00
     26.41,    -15.25,      0.00,     25.06,    -10.20,      0.00
     25.06,    -10.20,      0.00,     29.01,     -3.35,      0.00
SPACE2-1:C2-1
     25.06,    -10.20,      2.40,     26.41,    -15.25,      2.40
     26.41,    -15.25,      2.40,     34.01,     -2.09,      2.40
     34.01,     -2.09,      2.40,     29.01,     -3.35,      2.40
     29.01,     -3.35,      2.40,     25.06,    -10.20,      2.40
SPACE3-1:BACK-1
     34.01,     -2.09,      2.40,     34.01,     -2.09,      0.00
     34.01,     -2.09,      0.00,      7.60,     13.16,      0.00
      7.60,     13.16,      0.00,      7.60,     13.16,      2.40
      7.60,     13.16,      2.40,     34.01,     -2.09,      2.40
SPACE3-1:WB-1
     31.33,     -0.54,      2.10,     31.33,     -0.54,      0.90
     31.33,     -0.54,      0.90,     19.46,      6.31,      0.90
     19.46,      6.31,      0.90,     19.46,      6.31,      2.10
     19.46,      6.31,      2.10,     31.33,     -0.54,      2.10
SPACE3-1:DB-1
     15.48,      8.61,      2.10,     15.48,      8.61,      0.00
     15.48,      8.61,      0.00,     13.66,      9.66,      0.00
     13.66,      9.66,      0.00,     13.66,      9.66,      2.10
     13.66,      9.66,      2.10,     15.48,      8.61,      2.10
SPACE3-1:SB32
     29.01,     -3.35,      2.40,     29.01,     -3.35,      0.00
     29.01,     -3.35,      0.00,     34.01,     -2.09,      0.00
     34.01,     -2.09,      0.00,     34.01,     -2.09,      2.40
     34.01,     -2.09,      2.40,     29.01,     -3.35,      2.40
SPACE3-1:SB34
      7.60,     13.16,      2.40,      7.60,     13.16,      0.00
      7.60,     13.16,      0.00,      9.00,      8.20,      0.00
      9.00,      8.20,      0.00,      9.00,      8.20,      2.40
      9.00,      8.20,      2.40,      7.60,     13.16,      2.40
SPACE3-1:SB35
      9.00,      8.20,      2.40,      9.00,      8.20,      0.00
      9.00,      8.20,      0.00,     29.01,     -3.35,      0.00
     29.01,     -3.35,      0.00,     29.01,     -3.35,      2.40
     29.01,     -3.35,      2.40,      9.00,      8.20,      2.40
SPACE3-1:F3-1
     29.01,     -3.35,      0.00,      9.00,      8.20,      0.00
      9.00,      8.20,      0.00,      7.60,     13.16,      0.00
      7.60,     13.16,      0.00,     34.01,     -2.09,      0.00
     34.01,     -2.09,      0.00,     29.01,     -3.35,      0.00
SPACE3-1:C3-1
     34.01,     -2.09,      2.40,      7.60,     13.16,      2.40
      7.60,     13.16,      2.40,      9.00,      8.20,      2.40
      9.00,      8.20,      2.40,     29.01,     -3.35,      2.40
     29.01,     -3.35,      2.40,     34.01,     -2.09,      2.40
SPACE4-1:LEFT-1
      7.60,     13.16,      2.40,      7.60,     13.16,      0.00
      7.60,     13.16,      0.00,      0.00,      0.00,      0.00
      0.00,      0.00,      0.00,      0.00,      0.00,      2.40
      0.00,      0.00,      2.40,      7.60,     13.16,      2.40
SPACE4-1:WL-1
      5.70,      9.87,      2.10,      5.70,      9.87,      0.90
      5.70,      9.87,      0.90,      1.90,      3.29,      0.90
      1.90,      3.29,      0.90,      1.90,      3.29,      2.10
      1.90,      3.29,      2.10,      5.70,      9.87,      2.10
SPACE4-1:SB41
      0.00,      0.00,      2.40,      0.00,      0.00,      0.00
      0.00,      0.00,      0.00,      5.05,      1.35,      0.00
      5.05,      1.35,      0.00,      5.05,      1.35,      2.40
      5.05,      1.35,      2.40,      0.00,      0.00,      2.40
SPACE4-1:SB43
      9.00,      8.20,      2.40,      9.00,      8.20,      0.00
      9.00,      8.20,      0.00,      7.60,     13.16,      0.00
      7.60,     13.16,      0.00,      7.60,     13.16,      2.40
      7.60,     13.16,      2.40,      9.00,      8.20,      2.40
SPACE4-1:SB45
      5.05,      1.35,      2.40,      5.05,      1.35,      0.00
      5.05,      1.35,      0.00,      9.00,      8.20,      0.00
      9.00,      8.20,      0.00,      9.00,      8.20,      2.40
      9.00,      8.20,      2.40,      5.05,      1.35,      2.40
SPACE4-1:F4-1
      5.05,      1.35,      0.00,      0.00,      0.00,      0.00
      0.00,      0.00,      0.00,      7.60,     13.16,      0.00
      7.60,     13.16,      0.00,      9.00,      8.20,      0.00
      9.00,      8.20,      0.00,      5.05,      1.35,      0.00
SPACE4-1:C4-1
      9.00,      8.20,      2.40,      7.60,     13.16,      2.40
      7.60,     13.16,      2.40,      0.00,      0.00,      2.40
      0.00,      0.00,      2.40,      5.05,      1.35,      2.40
      5.05,      1.35,      2.40,      9.00,      8.20,      2.40
SPACE5-1:SB51
      5.05,      1.35,      2.40,      5.05,      1.35,      0.00
      5.05,      1.35,      0.00,     25.06,    -10.20,      0.00
     25.06,    -10.20,      0.00,     25.06,    -10.20,      2.40
     25.06,    -10.20,      2.40,      5.05,      1.35,      2.40
SPACE5-1:SB52
     25.06,    -10.20,      2.40,     25.06,    -10.20,      0.00
     25.06,    -10.20,      0.00,     29.01,     -3.35,      0.00
     29.01,     -3.35,      0.00,     29.01,     -3.35,      2.40
     29.01,     -3.35,      2.40,     25.06,    -10.20,      2.40
SPACE5-1:SB53
     29.01,     -3.35,      2.40,     29.01,     -3.35,      0.00
     29.01,     -3.35,      0.00,      9.00,      8.20,      0.00
      9.00,      8.20,      0.00,      9.00,      8.20,      2.40
      9.00,      8.20,      2.40,     29.01,     -3.35,      2.40
SPACE5-1:SB54
      9.00,      8.20,      2.40,      9.00,      8.20,      0.00
      9.00,      8.20,      0.00,      5.05,      1.35,      0.00
      5.05,      1.35,      0.00,      5.05,      1.35,      2.40
      5.05,      1.35,      2.40,      9.00,      8.20,      2.40
SPACE5-1:F5-1
     29.01,     -3.35,      0.00,     25.06,    -10.20,      0.00
     25.06,    -10.20,      0.00,      5.05,      1.35,      0.00
      5.05,      1.35,      0.00,      9.00,      8.20,      0.00
      9.00,      8.20,      0.00,     29.01,     -3.35,      0.00
SPACE5-1:C5-1
      9.00,      8.20,      2.40,      5.05,      1.35,      2.40
      5.05,      1.35,      2.40,     25.06,    -10.20,      2.40
     25.06,    -10.20,      2.40,     29.01,     -3.35,      2.40
     29.01,     -3.35,      2.40,      9.00,      8.20,      2.40
